5
3
11111
11111
11111
5
3
11.11
1.B.1
11.11
7
5
1111111
1122211
1212121
2222222
2222222
9
5
211111112
11.222.11
11.222.11
11.222.11
211111112
11
5
11111111111
12211211221
12211211221
1221...1221
122..B..221
13
6
1121112111211
1122222222211
1111111111111
2222222222222
11221...12211
1122..B..2211
13
6
2222222222222
2222222222222
2222222222222
2222222222222
2222222222222
11.B.222.B.11
13
7
1111111111111
1111..B..1111
1111.B...1111
1221..B..1221
2222...B.2222
2222..B..2222
11.B.....B.11
13
3
2.222...222.1
2..B.....B..1
222...B...222
13
5
2222222222222
2222222222222
2222222222222
22.222.222.22
2.B.2.B.2.B.2